-1.22719071724517,-0.843368941459624,1.06628765291112,1.01205723559971,-0.0797981278586481,-0.120502945673788,-0.622399830962201,-0.515316424397093,0.259871957824007,-0.627247345639459,-0.4846495563887,-0.531474449220319,-0.486052411322221
0.140205128007212,0.389628917585043,-0.656067007963097,-0.342332261243423,-0.00647997199329079,-0.172700396042106,-0.104013536287738,-0.0847750732939645,-0.00557655719920752,-0.176003575142861,-0.555251974767352,0.613885328007362,-0.0699187599361749
-1.10245391657693,-0.910203631354654,0.263935905125624,-0.0635109450823963,-0.442154744734028,-0.543682253792328,-1.41059712059411,0.58249204289369,0.142492353388436,-1.49195921965752,1.49643530997609,0.616157398349352,0.46751273516538
0.147107488195651,0.973013063661751,-0.516773612597452,-0.683283946847373,-1.31507032616302,-0.667106453230066,-0.475156903179333,0.868709841337606,1.25577107435594,-0.403210828007915,1.79676489218474,-0.71721960251312,0.50463549562326
0.413564906991071,-0.602460996708473,-0.104650690984368,-0.523444323864313,-0.041378953924391,-0.219029606688131,-0.410923661203905,-0.353305404837546,-1.70550537568765,-0.335712768030132,-0.363901083228481,0.721870775180022,0.0845442136008608
-1.11008681897509,0.213367569712527,-0.461029583841697,-0.615585268194928,-0.161888484615119,0.186819383203467,-0.116913534046565,-1.27972694268153,1.32765118637549,-0.70733421857575,0.793860663985583,0.0318343598738065,0.913769106187186
1.02635754401234,1.43055142835065,-0.155267126039302,-0.450991070787315,-1.99570095179725,0.216369064722147,0.374656500854814,-0.0878712918067603,0.823295313278953,-0.310921317453382,0.797203246953161,0.816640661397442,1.76761742880469
1.71567190901747,2.20811629049725,2.12824593080021,1.98255266901284,-0.616560053125502,1.42417980123353,2.31811901845544,0.957783561546162,2.49244355569874,1.30999722844016,1.49732239773645,-0.304827206519356,0.655332169870432
2.1532240229896,1.99515630103497,0.525726402267359,0.473102988119369,0.568415531080808,0.618370442327096,1.46576154619526,1.41442337650352,0.859269567093462,1.34035446731238,0.34179132462664,0.991904242929912,0.0805297290148233
-0.815205081207527,-0.72566588742414,-0.479666006393391,-0.256030130210867,-0.323851246187759,-0.267994056296271,-0.0713644390469698,0.131319700019158,0.119162866492761,-0.68812620127958,1.18821671462682,0.225939142766517,-0.751198767142914
0.580612813872347,-0.298281102053778,-0.653823712068071,-0.95141350682536,-0.562581941028022,0.112901891962879,0.875904794492896,1.54348356907143,-0.492661761487639,1.31162523262315,-1.03144207357377,-0.43076402246025,-0.818341539171976
0.511270665489183,-0.458748833591241,0.843255875245509,0.775964907842585,-0.435827238269312,0.0502577142964678,-0.877715097006857,-2.08778566391054,-2.21984052133748,-1.62086683365666,0.435062873937411,-0.317328113257826,1.3141014395143
-0.00584530175752586,-0.310761341232954,0.71554964178655,-0.316492827008992,-1.2462644032514,-1.21466290161395,-0.894115235799308,-1.08220627295937,-0.726443892888567,0.684677672758393,-2.14308848167593,-0.468655188296545,1.12765670732437
-0.347236484101043,-0.134326634741202,1.119839109462,0.775469929986267,-0.619473113189254,0.66244908040125,-0.32827503486829,-0.448499244955786,0.43105960822326,0.0739267938936689,-0.176731237973801,1.05451749712906,-0.151407321569998
3.01380658928271,2.87132944694077,0.400628669575522,-0.451820110005719,-1.66574415140056,0.710232392354216,1.96202357177387,2.58897488777667,1.56350826443122,2.73105076303361,-0.270112098110027,0.402003765331645,-0.278144605619204
0.501691953796399,0.575877921967534,-1.07873400901733,-0.480586075835776,1.41289699221575,-0.37974041195053,0.160776912352009,-1.15209608821727,-0.069902305608705,1.27517345578319,1.02176596111549,0.833130291512665,-0.573963672972909
-0.0654391122846412,0.479162673238036,-0.676202704827995,0.187672007465819,0.787901685061029,-0.0225168334788199,0.134002673107557,0.434752908740362,0.577453049784746,-0.666211781554469,-0.067185578559514,0.315950301540926,0.654940394762575
0.310641550300148,0.761137378218929,0.569576193243351,0.851449883238855,0.9920752491474,0.72135400053204,1.20981008609606,-0.156179907272385,0.900493783751763,0.591873601076407,-0.98454605370229,0.158481087496657,-0.0960100553877126
0.103163631765377,0.47701459155993,-1.10688251182785,-1.54731866392451,-0.790472301310656,-0.0942463118615482,0.84713477662345,1.09566066749822,0.778086067178791,1.04984947162167,-1.34830113368527,-1.77590172618933,0.0791199840835592
-0.238420041815478,-0.548613640009024,-0.540970016629519,0.0841095908085855,1.21729049439263,-1.46615899666273,-0.802174052830358,-0.287549244561175,-0.853614827164087,0.749479971463262,-1.48129079934074,-0.445065803561399,-0.20809559879797
0.482978231027901,-0.0453405762962762,1.07565117608798,1.00891739399093,-0.386233165075004,0.694985809017431,-0.0139239849012778,-2.11959683620399,-1.02018710508551,-0.331489912415228,0.209740568071196,0.898580835041671,0.533058579819893
0.341330218644181,0.0746569019401842,-0.106338343768922,1.07270107616891,2.03463911911947,1.6603281097605,1.28789927375032,0.419525346035303,0.179715843325707,-0.0223624786027477,1.32411414161872,-1.53063954714967,1.10356054439883
0.659544704909373,0.838071434427778,2.05552342088687,1.52359877993859,-1.76664551206403,-0.425368107504749,-0.539530764054224,0.170937134152993,0.909041862990708,-0.0162627282220146,0.322017269633157,0.641202960894201,1.5359073583753
-0.245608746218181,-0.610733361046121,0.126445681680066,0.273981379328985,-0.0333485057238788,-0.591434783460835,-0.460722658757988,-0.993273919537083,-1.08264338700194,0.086305691082289,-1.16451693815127,-1.2381352907815,-0.605511463649934
1.31972891280605,0.877640747592295,-0.626013776071009,-0.791351282766009,-0.0108486381048216,-0.504499693486851,0.287654403194663,0.60451346940001,-0.266456154774381,1.77253382596026,-0.047293663679064,-0.155017118779522,-0.946567889770198
-1.30060259992956,-1.30370678435917,0.519995822971017,0.557004571598926,0.760027078534912,0.41474116837145,-0.101623518605724,0.887387326141248,-0.00643893279350655,-0.469739802265283,-0.335452678413915,-1.3766518915385,-1.66749210370348
0.996813534011625,1.04460506211305,0.86573746397287,0.387857868251772,-1.35556027324961,-0.363716922930874,0.0481565401093979,1.21344489166667,0.832914322115815,0.822815408295191,0.201572997268095,-0.697076914854508,0.403971311067555
0.856964214581708,1.19495809130225,0.577251392766222,0.724351487376129,0.670770154925128,0.510577490650393,0.049894178639821,0.368328022215236,0.736785577119062,0.340490915446076,0.96872435887118,-0.297811639898362,0.500337951449594
-0.213522308005759,0.781347393464636,-1.12797760185839,-1.19582784315117,-0.408717192798406,-0.583198761237766,0.437862345557228,1.92918096159106,1.66154647425178,0.360907993776777,-0.775088020378039,-1.37650838155621,0.342029629981234
-1.07129097413007,-0.498594563558514,-0.343654576374862,-0.365508692907496,0.813384391943118,-2.54144265551591,-1.85278085509024,-0.719307527745004,-0.0789387714011033,-0.259823766392777,-1.03725116885737,-0.174250480721296,0.955677376535273
1.88540903878157,0.804899698806623,1.70166561876248,1.45033162735616,-0.878956222446747,-0.534740696578908,-0.662040051485832,1.97521860684416,-0.540718294473583,0.143339705749586,1.29573470841729,0.475110765274518,-0.000461727988290397
0.571147315636315,0.541354674670141,-1.31353092621638,-1.6854491236692,-0.997914396811117,0.28057322614168,0.780547316640183,0.489168305881534,0.256412882990707,1.38740232050889,-0.623084726252792,-0.576098904342228,-0.029494161932436
1.29601902814062,0.339628603744096,-0.382921082031126,-0.122870020800709,0.736388518340658,0.524887168153385,0.545939224378493,1.41771873467596,-0.675604057393567,1.10845660071982,1.00394087100525,-0.896437840426036,-0.828926859362017
-0.785793062403973,-1.31388406919369,0.918749379617176,1.18645983270329,0.980475817454121,-1.26780351555602,-1.37563316035553,-1.01110857466627,-1.56783225593209,-0.666883470956611,-1.49015715583661,-0.892479169088207,-0.389817668486986
-1.67072681700149,-1.88295483864799,0.908005616408449,1.01013151428016,0.155201135702881,-0.495174354237828,-0.956838728634373,-1.50261316072481,-0.843397730209809,-0.930380832943495,-0.391856652567677,1.02049628168479,-1.09616447061201
1.12139868805205,1.40360350915094,0.552404494523635,0.69104880719674,0.893970052990571,1.16082552115889,1.57299640781986,0.109838193726698,1.26946704440403,1.79635247109078,-0.0575078582008213,-1.30569803217526,1.1323327297129
-0.147812152244758,1.08844645940576,-0.693452758045786,-0.702404493515191,-0.76465596792729,0.0578383033619114,0.551898134912172,-0.681647288239507,2.11456074748516,0.803715783125988,1.10097569917515,1.2583741290781,1.35723611259452
-0.700376891738879,0.395006334671669,2.19223003569707,1.24680873006193,-1.68949185531117,-0.340821104137537,-1.40071430578044,-0.51126230316754,1.65843785346782,-1.32075626009544,1.65880283174339,1.68849167918524,1.3289272417117
-1.17635459423933,-1.23341816491676,-2.3422436845417,-2.13026525436858,0.592742729295135,-1.21975597380363,-0.818754265099879,-0.840902396550441,-0.926777586156195,1.51583816840513,-2.07754054064655,-1.35513245705739,-0.55964483712667
-2.54410261177898,-2.05042904116132,-0.710760848172468,-0.883141697390125,0.152530027594901,-0.441198510315035,-1.09696305992206,-1.89500249692114,-0.53102658655374,-1.71601119523594,-0.120849079220203,-0.0152813141467585,0.0867629365737551
1.74657713578059,1.37968282494561,2.76339644652322,2.27599421379749,-0.573616958769778,1.27196886375672,0.677489928498772,2.32594119091957,1.10772209138341,0.740291073713711,0.465940253358591,0.390637112245286,0.295145039028845
-0.926210536747626,-0.814833753209584,1.00331109930851,0.949372018646889,-0.0999132120966779,0.731146517591791,-0.602113790026248,-0.934820361769952,-0.146195914418917,-1.06473116844705,0.0210040050304963,2.59844883028137,-0.746829272169972
0.742271340086815,0.332241188975338,0.361174101800992,0.974025993079168,1.20671270810543,0.973786827099999,0.913736492815189,-1.26171827013811,-0.775336804347412,-0.306971870383162,0.227219176798357,-0.866724817888704,0.655269761715271
-0.444632264012795,-1.09039263151021,-1.3557951505726,-1.51985750245759,0.157711625535617,1.09690108951225,1.10051102793564,0.113759916691947,-0.83273188639327,0.675485555160345,-0.692299104199502,-2.4437073555386,-0.110919009812533
0.529863967344267,-0.112334002359938,1.42816330293691,1.24472921251932,-0.11485430242958,-0.243926113315549,-0.407134735179274,0.598930639281197,-0.450861892139781,0.242082556400078,-0.895352136275766,1.48254140513509,-0.119418206385736
0.200605417798142,0.73824945274649,-0.620501047119978,-0.714027531018153,0.50823985065351,0.047202974181747,0.385927099835025,-0.0589223697457078,0.583488956799834,0.141678405723674,0.17223602386743,0.150373772299833,-0.0424266120571528
-1.39656808456639,-1.1543942882583,0.352294356653535,-0.512685065693984,-2.29973454118138,-0.412893902127604,-0.841010882433519,0.330671147575636,0.204069025794437,-0.650641597168824,-0.566855769368314,-0.125284870438657,-1.07637588866657
0.288057811570434,0.745001314858371,-1.21725410879015,-1.50434897370583,0.0397646125196853,0.181379774621737,0.989078986350388,0.720194697739254,0.900688995661646,1.4126950648556,-0.409997640745727,-0.855332043834238,-0.729846610211839
-0.453943343500755,0.93952577844508,-1.44648765512696,-1.17441949896608,0.29582820393992,0.829869413969467,1.72700349531886,-0.591094517098886,2.36609509193653,1.52394692386685,0.447608052019165,-0.958440046391035,0.921102484623391
0.0380582903878862,0.529981636268535,0.858453554174922,1.07569280672735,0.627463868459215,-0.0963005255241614,-0.67484756979104,0.790745168010154,0.517586194687995,-1.68499612652742,0.914608199416114,0.544297512112301,0.621173539719337
-1.37759631866219,-0.577424333481755,-1.18695534072396,-1.14629544204782,0.97575796997751,0.0172322271722599,0.0463020543441902,1.27267398774931,0.98592618931949,-1.05307467440495,1.13261403728083,0.00101607890564765,-0.765243130908989
0.888772216109213,0.483385298715228,2.44353141453997,3.12934012934672,-0.259555409019063,-0.0601622469059265,-0.10660674446762,-0.698365387060917,-0.198999483687176,0.569913708202415,-0.880862235207911,-0.461138173961094,-0.0470180356854176
0.674394396507065,0.190962801103136,0.628078295307162,1.16519516603949,2.07585256971814,1.21969419530719,1.04962760860795,1.22062563303694,0.030985691954928,1.19199819192358,-0.534244841230889,-1.54110266210425,-0.441113984953027
-0.560261693806325,-0.221888839857117,-0.555987129311949,-0.00375315135677884,2.35495769352865,0.307259925762359,0.524497975042764,0.179774918505969,0.160175271411707,0.132542750822152,-0.968060825901869,-1.07098062432479,-0.467901410446038
-2.11065089652133,-1.50571102068576,-0.907113646494939,-0.995399773261779,-0.0429807978195285,-0.535926635169157,-0.513723501300409,-0.970707599014792,0.365749969075445,-0.486028663972644,-0.206569310775504,1.52886771769935,-0.547467635857904
1.27484114779405,0.964318220799268,1.03726276554804,0.904470709375867,-0.55815356851287,0.272520613757272,0.595923863948337,-0.591956905840726,-0.0257247681078386,-0.0691051791957093,0.305639571804636,0.796285950635743,1.64772409014312
-1.39358625392371,-1.69931290751256,-0.278438781188044,0.38129246054583,0.679964745596746,-1.59692222898699,-1.97744950344243,0.0201858536740677,-1.05049399575936,-1.77938587040787,1.47692848364571,-0.721941204938643,0.457457731382556
-0.0194510438011982,-0.447309002634758,-1.41257679583696,-1.36515849741966,0.647784988301276,-1.10937759316757,-0.67933590533267,-0.522363757950832,-1.11459930510172,-0.792862520518568,1.73198890516886,-0.123845810062395,0.972256462762163
1.13607024286422,0.944993094367128,0.167046555038396,-0.121668739614649,-1.04925412646956,0.527714621210254,-0.0818025663048554,2.00666927481216,0.604499760461845,-0.522712926316249,2.86271593667381,0.456204408302667,0.762905216377206
0.276570373166346,0.00722140820568344,-0.157724403787675,-0.42816072719598,-0.603561318262707,-1.69629485498314,-1.44188426802801,-1.1665324928873,-1.066029379968,0.227039641380629,-0.179684155045106,-0.263369227590075,0.167103341456423
0.166841237994716,-0.114332632916641,-1.83013521205778,-1.64951598870177,-0.229134687556286,0.193654121072053,1.01797749737349,0.543264054618754,0.116015596691912,1.59120042437991,-0.410874152530188,-1.97757866731153,1.15534979693376
-0.0744128943095956,0.904908871481196,0.692459829194379,0.559157550437006,-0.358431591013833,-1.08595096836883,-0.997892154235782,0.570332220493987,1.26110931398696,-1.31233967229518,1.0461688273419,0.811177737715211,1.17245284372605
-1.1516956618002,-1.27158401069445,0.134780973620398,-0.372475473227886,-1.44801342989153,1.08817686353078,0.582942077792411,-2.41588584511935,-0.871621625334368,-0.980475268162258,0.140835103148479,1.52970444147662,-2.70684683663033
1.75524631925238,1.95928645887149,1.83477425693229,0.713906182031613,-2.00816847193082,-0.932300510597301,-0.159801719303856,0.412476791380107,1.11073219943522,1.42380343725552,1.25552812884387,0.917329780393022,-1.20424924382926
0.539852491060132,0.628023203306432,1.42567129957359,0.471746794376443,-1.62073295225027,0.887400359258444,-0.301695810930586,-0.729526140418037,0.120689597339625,-0.928570069302131,0.261459496009743,1.9642107542568,1.11379004422697
-0.37444536284233,0.0291938529081464,0.407751207195361,0.933613110957614,0.826121576550738,1.08104902864371,0.747955374098799,1.02698090543747,1.42173287874378,0.00835759279537952,1.64795013271525,0.669342572439605,-0.114446765208494
0.0538647599262212,0.139447549444041,0.31038877857519,0.911075700099677,1.22946559246221,0.480068204313147,0.931550400029183,1.3521206885694,0.630567852896662,1.29633791301008,-1.28665333827235,-1.25580584103687,-1.9821491942937
-3.35161029427988,-3.07135725873642,-1.58656214420864,-1.17470743406559,1.89571081094846,-0.681558123384839,-1.43128691143996,-1.58007839475482,-1.14885324384402,-1.79531685449086,-0.615413051484002,-1.20464979160587,0.191676239404868
0.994428397309158,0.506160582946977,1.89013230496246,2.48020927046495,2.94932818549747,1.79879189738447,1.19066493518826,-0.164351709800143,-0.342579061944069,-0.428055843472335,0.0114253029309601,0.890140844772784,0.200155993513581
0.468912379936898,1.34771404123672,1.24931573658681,1.87824011920681,-0.577054300052145,0.608975600343381,0.400477883352897,1.39589227534322,2.01793474103521,0.725534717958434,-0.248262498812779,-0.0898097190226484,-0.648774762158533
0.324184964670002,-0.154557475661,0.149010511271375,0.364845164539082,-0.391033311939992,0.505376527605978,-0.552592744160847,-1.08255004432991,-1.24053213914692,-1.25279195325474,0.41108136051407,2.01719391219805,-0.0600465036487589
0.83688218048408,0.179004242901282,-0.643216389972424,-0.779194723694835,-0.734135723919108,-0.479967679222303,0.114621916164761,-0.143002515764857,-0.91960712455669,0.800509712869339,0.324086300738721,-0.600596053914271,-0.947774943868085
1.04258657554585,0.379853188160322,0.298613016196863,0.213730014035083,0.557305540131792,0.777313726919519,0.504358385938568,-0.0977062178708262,-0.856245038856486,-0.107440831923771,0.865807250451225,-1.36425997628369,0.424686808243748
-1.29473820449494,-1.51240024241514,1.0439441135272,1.15797950095673,0.311929293278332,-0.609692115697763,-1.22799529632631,-0.943788755294403,-0.545979333591173,-1.40348465779385,0.841434049872869,2.55674419071914,-0.184209486871226
1.11310753099376,1.67847105180661,0.846444026755726,1.01985053935595,-0.14036325040289,0.32896025473165,0.887837507223723,-0.555673854342797,1.10539328650734,0.895854047772004,0.115591700929254,0.212715974722343,-0.241063071601294
0.63582056283425,0.920400621731645,0.496962414797069,1.05684746330149,1.87433858466659,0.567057407199504,0.400144060514406,1.03787800557047,0.773831528555862,-0.131566611205818,1.49652521557056,1.08820511832809,-0.923278536020505
-2.03833551744197,-0.885274826948698,-0.636472733184146,-0.484509279713653,0.296078507969032,1.46249916039673,0.884114202063937,-0.879280285832251,1.28380820772169,-0.0140943098031629,-1.09325488526256,1.34010136322861,-1.92561360184108
-0.589593254365819,0.174291793185999,-1.55951445288948,-1.17587737273228,0.0979024818311333,1.07477992751165,1.28341957417021,-0.229002178605049,1.29903780605454,0.717909641402501,0.579385418918208,1.03183233985985,-0.648043397173486
0.110766697521837,0.28642034501337,-1.41141608476769,-0.904658310662693,0.63798203441133,-1.61250154971626,-0.273455998858479,0.402709490025425,-0.0110296577416381,0.159761088638732,0.197954952079854,-0.470729885998718,0.135925196451788
-0.772202718588949,-0.388035534243632,0.601967866507655,0.878287419728994,0.597265236213583,1.20927773172189,0.525767074746906,-0.716544770817129,0.545806193747258,-0.515923797176709,1.06016147116726,0.687623889643238,-1.21653191824076
3.04568485288612,2.57663870594645,1.73598337823263,1.24302842778346,-0.838970857216374,1.20657240809332,1.69183825217981,-0.213886114802344,0.376393960343942,1.19506797036385,2.57062550807154,0.191227994534244,-0.987815053774816
0.219929826167772,-1.26417947238099,0.185115979572221,0.318414008784477,0.0926215104892252,0.889618393469387,-0.57973969070054,-1.38139618342244,-2.91453174539299,-2.13111695963681,1.10036023418464,1.68745672536482,-0.924508732073981
0.0956887109272529,-1.37845093106463,0.196466973270454,0.00415144271729038,0.506837312910973,1.19115722929211,0.0638281682838032,0.371067848072681,-2.15034262765307,-1.06435558969817,1.26807778408337,-1.26437826318519,-1.16445532360692
1.38623187309092,1.41612662753996,1.55043794248827,1.70724944504628,0.464090742370995,0.0816160961985096,0.0424176311783691,0.348686548926434,0.37823142325765,-0.0498243814065136,0.378729665375118,-0.931184687479108,1.38169293974621
-0.277765983195953,0.0182259857338077,0.126096049617395,-0.0777687945682387,-0.0578639533564414,-0.849759597227926,-0.50255036555674,0.255015758692012,0.580194368232159,0.150467365314708,0.165157425761671,0.219644002750519,0.837339731107416
-1.61002345512491,-2.13370792628719,-0.658213389221158,0.165029399913003,-0.231404503651264,-0.852714329460825,-0.958344282112449,0.180391454579892,-0.837134715037009,-0.640211012220854,-0.634848245051773,-0.222222701404746,0.579112715213421
0.113066265749693,-1.24021194405552,-0.271128189272448,0.195617649851086,0.555042418300383,-1.05751178872783,-1.89777150111376,-3.84067455218927,-3.63551148299177,-1.71474305446626,0.279996031368959,0.831984728051707,1.63327472821714
0.286455031169852,0.511338849949027,0.975844625671338,1.11597543542573,0.0869665036917169,1.26515229340213,0.737181522616377,0.461118696257028,0.686872627844023,0.120464446548493,-0.889690901024784,0.829269052091646,-0.443465531480531
-0.828606809771293,-0.866032638770867,-0.569403865169548,-0.156674892442646,0.730727030330958,-0.928325486068251,-0.68594262955573,0.475124050166711,-0.449920811498554,-0.0291366062180821,-1.72210306003767,-0.120436298762775,-0.533474871656838
0.334659791934568,0.183540610005916,0.235479743640565,1.15560558772858,0.0700653094354306,0.677088843555965,0.829421785406674,0.101015395831379,-0.116420173776785,-0.310822767214566,0.329016003957845,-0.904501699885346,-1.21825479944658
-0.175582527908776,0.143677098271767,-0.252991599146469,-0.656699730450676,-0.644504739223252,-0.896812876960081,-0.454692237078494,0.854564896391802,0.611478993476292,0.281893032017613,0.19747670083657,-0.838757000988272,0.247630747276521
0.322487973716945,-0.119402467582619,1.41737931211649,1.11397930229863,-1.14554279646717,-0.454352626423963,-0.562407323304434,-1.29556489286178,-0.862024185234164,-0.209119150407731,-0.997640802966037,0.606857061754583,0.100553345653744
-0.931773636532227,-0.866753925901026,-1.53041174723301,-1.8794657988006,0.362592064938795,-1.51001647480951,-1.749236555873,-0.261900831814502,-1.10722510620998,-1.20162665854823,-0.498218308483663,-0.131225237250765,0.872439382857122
-0.329152626207003,-0.679039641106191,-1.56096710873684,-0.795880811182993,1.19037777706929,1.25480119123406,0.191886104076198,-1.01444703865451,-1.41760817040352,-0.384058309604769,-0.92840472133708,0.488951405497528,-0.913571761202257
-1.081828156241,-1.40392388755429,0.343339511244236,0.0471902530562146,-0.80938050695941,-0.822438375776082,-1.60734812219402,-2.18830216187577,-1.38565564134762,-1.01203279363883,0.0307464783252935,1.28991641096393,-0.164920148207767
-1.00631678865553,-0.398388493401749,-1.31500741511484,-0.651555472144356,2.32283058348546,-0.627809407580476,0.0422803943218714,0.101492805634499,0.284269384735544,-0.523611408230677,-0.25319194994228,-0.312062296854607,-0.0413936377932784
-0.590616177810381,-1.31701990611575,-0.669531233319695,-0.789996419308337,-0.387659787096687,-0.170846661293028,0.263466860988186,0.548128696941598,-0.824515522815833,0.670405455616649,-0.377687990186821,-0.688074301876109,-2.02284196054979
1.26960925604708,0.924044217260975,1.47695137736778,1.94370039862567,0.689180046913465,2.01843514559717,1.32187755398723,0.789705288703776,0.402434591435731,0.877361157658785,-0.793596059918437,1.00915216526894,-0.505916935863811
0.299590328004915,0.397796606336939,1.48252014075709,1.38479668980267,0.0131468247040663,0.774328993966111,0.856331084567342,0.60876749486234,1.02099256750737,-0.143694274498869,0.849368170021604,-0.483301646956447,1.09973637364252
-1.66739926070915,-0.522928867669358,-0.403517631903513,-0.708897455645758,-1.36465660058935,-0.846286447547233,-0.97976300098623,-1.85147226492522,0.880522353822245,-0.989769479313329,0.288473704540413,0.362793505274023,1.5322399609259
-1.6722360343099,-0.722849159768985,-0.757688700471272,-0.60300169374379,0.177216667921496,0.126182939167418,-0.0716662992738745,-1.1247517488134,0.395560377076385,-1.14811130338134,-0.488707594539125,0.630347510993509,-1.25033548495453
-2.16935989717618,-1.75797166400177,-2.1709434071434,-2.16217313328271,-0.426888845703694,-1.56419438553657,-1.45476530998707,-0.0842899955938195,-0.184341515076027,0.135255251085176,-1.93169971889275,0.462869803321882,0.15742573296816
-0.859523010489116,-0.294506240438479,-2.32672134285575,-2.15297135583869,-0.874739013147682,1.07139387045397,1.62752173837116,0.211063146091819,1.19376871278575,1.79351877481396,-1.82193554073855,0.860077282402444,-0.575719343929248
-0.378768788280083,-0.567130341440606,0.135743865611939,0.324042721304894,1.13651002875993,-0.447788269222514,-0.85008207372057,-0.564844444925794,-0.986008878130791,0.0259036587899083,-1.67941632660805,-1.05091724812636,-0.190692113278765
0.662917509071432,0.213807864165345,1.86028895583549,1.16364924858355,-0.657672906686942,-0.578890738069474,-1.27147020825873,-0.870449203988681,-0.963223090262312,-0.688125435374357,-0.773026992166188,0.439803045615674,1.48116351038917
-1.2212500862855,-0.306682239754886,-0.576230382089965,-0.678745723649365,-0.190732244936094,0.431426971108393,0.371385097123139,-0.73044965158698,1.07778824898742,-0.182331784398169,-0.000303499870136711,2.75548755998278,-1.46360582227825
0.910311198733027,-0.250977519740099,1.02455894928214,1.69688113926343,1.47321475712972,1.72811281579211,2.03244552953159,0.755878011487,-0.724306648711783,0.792623435369887,-0.28638315028747,-0.570276535190601,-1.94392100873866
0.269310696705233,-0.538013527338307,0.219151570119761,-0.586927185585044,-1.11715222887751,-0.320503090831803,0.105730569206286,0.97063776334877,-0.422670134469525,0.0423498377930969,0.607508778513479,-0.533227791420511,1.0959375455607
0.043970808883189,0.0732260251298053,1.60390335933277,1.65550824742393,-0.13434283837708,0.155619028996524,0.113112047058525,0.646404520340999,0.738280764349616,0.735433321957336,0.0894286005975462,0.0185843889301028,-1.30232568643313
0.961476072401808,0.380490264191334,0.383213371670734,-0.580056679406342,-1.08239429341399,-1.31159418416109,-1.35359225348603,-0.639646686108273,-1.29758342380746,-0.18380601621758,0.876865344733808,-1.2137490507723,0.540767341375628
-0.501505056564741,-0.753082230152693,-0.369855809300447,-0.541654610603623,0.320499849185354,-0.1518019811356,-0.62345588800348,-1.71389044469039,-1.38577184193671,-1.62802113754569,-0.0496385274033018,-0.303024841445469,1.50484086504142
-0.0740605616085241,-1.19905364307109,-0.567137134116134,-0.0765349810907507,0.790066802324404,0.986273742458532,0.482639498577518,0.154591710413748,-1.73627580142952,-1.42132977327526,2.36830775781866,-1.31625248181894,-1.39261748520372
-0.319678130437359,-0.568889435105836,-0.496789266560488,-0.908337843127555,-1.91980509677318,-1.94527173924022,-1.20128459343395,0.508168436876165,-0.262531149472946,-0.523661412403293,1.37135395348201,0.543951490302758,0.127468198790843
0.83996931924404,1.35178821339934,-0.216299143132891,-0.270591979357731,0.211816693447807,0.745959574875015,-0.204796625141404,-0.254338210507836,0.0304854982551859,-1.4589918519913,1.61054647847897,0.242760646979777,0.0785699140935491
1.24608809992644,1.10198654006785,2.33154304145751,1.67712751515743,-1.12290386329391,0.278719899105526,-0.426800637580607,-0.368889182246474,0.212897851467643,-0.116243542693036,-0.159899646894438,1.58135997495764,1.56587384675212
0.0207363717241417,-0.339441905146638,0.224407540354919,-0.430283749407395,-1.60122734846834,0.425848548230379,0.359624609742981,1.26982054280488,0.246527810490654,0.399895630865791,-0.239076605514071,-0.653220979306492,0.320353429113936
-0.798590459320063,0.494933375030494,-0.903968209888531,-1.24490511717438,-1.6431015023108,0.670776700947817,0.146471965657012,-0.847485985581877,1.32566259118721,-0.398230174633814,0.175699004904729,0.627624694260078,-0.323046309744238
0.604700915992525,1.58026928323724,-1.37845247594387,-1.79011632506097,-0.755272880437154,-0.730519315683519,0.272144936042663,0.0309834647618078,1.13683050784023,1.25978591528539,-1.14019273600145,0.472928399504006,-0.0798705242369315
0.437150172955846,0.231047378948477,0.520615149265732,0.545230300319519,-0.792631239703248,0.905367926381353,0.305931654813106,-0.739914613971611,-0.136747274094026,0.649641688028559,-0.158173549263076,0.0660191767398267,-0.325520675057437
0.272236166830808,-0.765181730006027,1.26553982478972,1.07421480770141,-1.00029452493573,1.56086469089896,0.529490108434729,0.268022282640072,-0.79540741132752,-0.0945797709810055,0.650880141847451,1.28268444158413,-1.69630543930834
-1.541032238279,-0.898800007780511,-0.782144953829583,-0.0653581174278739,1.98700565204779,-0.109007959281934,0.315319269197487,-0.0719838733121401,0.81066174909172,-0.152980972822007,-0.32451458405389,0.632139648704546,0.0735733916056753
1.12882704005439,0.884841110503788,0.315993545312965,-0.0457715299889589,-0.429001770769003,1.37083007866053,1.94100069719184,0.17920375468512,0.472017295270745,1.40978500293935,-0.690817094503609,0.824016813801418,-0.777902036543902
0.452660501537003,0.421318373808294,0.263792314050804,-0.286537926764163,-0.9883175055868,-0.238841552135957,-0.227252581927992,1.16152171303452,0.430266367946068,-0.0298068826246817,0.302265339143135,1.0955242302859,0.421641594415122
0.402947899022502,0.541905438878859,0.836838503197143,0.893820423976689,-0.415148988597294,0.432450575249819,-0.122563805109548,0.17573331377963,0.0421355367760169,-1.23447168166835,0.274343733688384,1.16830616900578,-0.316494448058953
0.31714175143854,0.203019797829766,1.80928112921308,2.47656680271275,1.6955286854916,2.45512019269851,2.23808172777395,1.01671475688884,1.12346162310249,1.44713587446642,-0.234486269128327,-0.41847808759832,-2.38680408060925
1.17004401264627,1.41130254302591,-0.0424740416539323,0.152164529352642,0.739010676140594,0.627834673587118,0.522741091033543,0.277522222370038,0.231717466163491,0.56784298844424,-0.48259472550552,-0.455899132172943,-0.448628984233221
-0.829626590002202,-0.657193325718745,1.6810128240426,1.47770244598497,-0.668294354985304,0.00295710826092793,-0.407819297340017,-1.12757247168971,0.380303000744122,-0.821164533869931,0.966481984492911,1.68131308784362,-0.167885010494137
-0.422353360516355,-0.948504789971218,1.31524455411501,1.42938846775019,0.470369966442665,0.584249973878941,-0.223678615323406,0.348713715739903,-0.436830794530645,-0.830849119610717,0.470043588103586,1.76406544415177,-0.933986453729462
0.138429008311279,0.379973775459254,-1.73144899815106,-1.0413002618676,0.743325467074425,-0.258643638749547,0.577948826562994,1.34088356927255,0.781573957385449,2.49632894624858,-2.00951966593163,-0.397923119246601,-0.619494610054188
-0.411698684673241,-0.574406638011417,0.942825625021011,0.938209957436773,-0.415719840866911,0.60955035170483,-0.115981873290523,0.205163971185131,-0.245136677572793,-0.833221661424469,0.620973219886932,-0.246546686844133,-1.6570925442567
-0.274554974252066,-0.736090668304406,-1.21288043112153,-0.952926885085391,1.0171491708861,0.519896225625901,-0.0870082705734746,0.146021344182433,-0.914918644622729,-0.637696674431023,1.45914924423409,-0.373328516095339,-0.149596635703441
-0.11339925150278,-0.16439761673026,-1.61719023334386,-1.6333837208187,0.262806067748204,0.0249337264000092,0.562232150629762,-0.450564242126338,-0.582573320150593,0.830712480822349,-2.28166782068399,-0.135291227680676,-0.451741619366418
-0.905579320062701,-1.17735164157339,-0.958882337197191,-0.681439575931988,-0.0365572110379812,0.62209698223289,0.769041173464326,-0.938967939847132,-0.517480000581686,-0.170090629870261,0.30718891514963,-0.0406328129919996,-0.727347477205458
0.409804937890675,0.525675333850627,1.15208725186415,1.42146389538505,1.04881245469493,1.12329761898634,0.859696791952129,0.33726205713269,0.961820443649666,-0.540443092293642,2.61784247734673,0.675985385490582,0.647144912990125
-1.60854308325892,-0.785496690164614,-0.210024412319604,-0.397353858665496,0.549144292204836,-0.554004264857315,-0.848301128878639,0.582961680756985,0.721776079282026,-1.17009261153156,0.34790202749814,0.410882402126919,-0.879086565752601
-0.544231850625679,0.648715105335747,-0.968571331819903,-0.938072847665463,-0.613002116487729,0.647057083367682,1.13334547604233,-0.464493848201742,1.33988850256551,-0.383008778926213,0.253708864258029,-0.446020012059525,-0.998925216811759
0.180154645881385,-0.146313317910015,-1.22771561053872,-0.869064375368424,0.75777228133877,0.608532879690456,0.723153225549924,-0.532729411873891,-0.607678060852174,0.755037812701014,0.24298102506625,0.196584227938164,-1.3239255618333
1.39106078255782,0.83252520602342,-0.39184595206567,0.0817195406131953,-0.000649856206385967,1.76371666988874,1.65967637669987,-0.0255927291122118,-0.321468052110671,0.732031136082675,0.666062192184829,0.283894069173532,-0.907923932468242
-2.27532304878931,-1.84885172367035,-0.431010109791089,-0.493907580794934,0.43008154037665,-1.16441010166802,-1.79422069966539,-0.921250936378682,-0.235820906903661,-1.20737638054259,-0.475925882906447,-0.104605426678976,1.53848827528337
1.28414852125765,1.23193008423066,1.28785216294933,1.3401165738803,0.602412799388439,0.395462292622931,0.360566200226592,0.202909786172925,0.195799965383424,0.471056416458641,-1.4404930360844,0.0484959820751778,1.25589042774352
-0.0470034148052822,-0.0864003401029294,-0.529165812679128,-0.652701002038791,-0.37734124234333,-1.44680316725506,-1.10768807146904,-0.513305124894398,-0.165811728977515,0.536963022803488,-0.51698390877,1.32433244180398,1.74456374883704
-0.147088558145678,-0.510978156712286,-0.110448574802748,-0.260928095083416,0.013966751244148,0.305904835643308,-0.185033036716555,-0.15637826294658,-0.81607152197494,-0.580667034427156,-0.93269261320317,-0.127013782543458,0.75246007846279
0.82982740432932,2.0215918654703,-0.877668196479304,-1.00900547132797,-0.391412439999698,-0.115861448441436,0.903475662383889,1.6423605380063,2.41067948484159,1.46364761198259,1.80382971307317,-1.09276250575405,-0.859437733771605
0.669604439710513,1.02217275944555,0.221435908491706,-0.411022717023842,-1.39239138349121,-1.00596839673222,-0.526253558919781,0.807482027418227,0.702514503109682,0.549523068691212,-0.60204661068436,0.451515984816898,0.392269541133699
-0.85027410429587,-1.134357518874,-0.848573471695095,-0.955432531831722,0.293126238536587,-0.0817163385061545,-0.445622285031873,-0.981569622084213,-0.773606305697171,-0.487318936258704,0.221920783684515,1.76176235573841,0.469313852342956
0.164806900406306,-0.298028797400521,0.70068868965563,1.03980986520677,0.773915320520655,0.424064117849408,0.323867150086636,-1.46896569117896,-1.0289175718966,-0.601696764397878,-1.21754530876043,2.05428887198985,-0.0202923319812194
0.289978662394889,-0.0589792510387802,-0.0819476805210081,1.01229100627048,1.14641014891439,1.62656217613414,1.53569339810909,0.232136306548933,-0.0470733230702246,0.247690253954617,-0.27321891067389,1.27242840012451,-1.23515657052984
1.77478208772845,1.95736661444366,0.139584820680605,-0.102572729216181,-1.58231164530275,0.45351142269072,0.887911352937829,-0.683616992718668,0.396388632452493,0.143954429626782,1.04152952356776,-0.542240771266949,0.971077509519184
0.627706613818618,0.142270225131729,2.09180495655444,1.70289080445913,-0.139614210436741,0.863963166959529,0.0774187109186319,-0.0708302683129928,-0.134265738671983,0.0166454223213658,-0.858475182389528,0.160214588973667,1.83080205557448
-0.364285979628187,-0.692473587977388,1.52147338160566,1.1795439102132,-0.665795986501477,-0.7425120619396,-1.8485581112458,-1.1318569826446,-0.982981628454123,-1.71570869524067,-0.327387224972253,1.31708326942612,2.37653019809462
0.154799021152107,0.880388727077214,1.11583110934829,1.92464662561821,1.09142396275987,1.6350965992126,0.863810507425551,-0.33410055239943,1.4862346900892,0.0255487637849464,1.48977852487887,0.873083540449035,-0.278736125980419
-0.232792956705938,0.260909349873689,0.375967369363444,0.630112364336451,-0.135100667002221,0.761810065941179,0.556900414694207,-0.0707681189740318,0.925614218531069,0.247463841229341,0.997559735698027,-1.65914486522589,-0.655170071534707
-0.680442269589961,-1.3444362216898,-0.684683769450345,-0.59985146055137,-0.0660785332340023,0.0209372919557489,-0.698616506500171,-0.827389387226342,-1.58140494020544,-2.23097581372857,3.19524295436525,-0.828372994438783,-0.126994595538072
1.08903713122155,0.381095736923208,1.35877591362524,1.32250414000771,-0.407391175494344,0.654442798613057,0.293435827358704,-1.24980720311263,-1.11690042017139,-0.59909596507876,-0.493448295518592,0.363165929440571,0.936688175735783
-0.686950870958655,-1.59193876503498,-1.32036028517246,-2.30040319553977,-1.98873077133441,-1.58485186726772,-0.960524808154613,0.261329279476274,-1.35707210855963,-0.425871598999457,1.01770489207044,-0.401013101755087,0.105815502944051
0.167464613987868,0.554901855104463,-1.00723273169784,-1.14941824591511,-0.477049434833531,-0.0552510570695639,0.201404382262441,-0.330314695868533,0.47711342241178,0.591383860782069,0.207876278602158,-0.144941235748975,0.579407703587702
-0.57890359608435,-0.700748119417818,-0.374364192691812,-0.579877727758167,0.0307611368157574,-1.8521382470321,-0.976766191214042,4.04338834589012,0.668231357621584,0.236447784821818,0.247560538882551,-0.225480825954131,-1.62262361180667
0.628965127193574,0.0145293600718234,-0.110239919258424,0.348887762095961,-0.643424872689436,-0.77284740480071,-0.875434491155106,0.907193204011489,-0.630785473877738,0.13915511480763,0.319386828687741,0.295023018288856,0.193815075905009
0.225473356640139,0.709392767413919,0.905730495040408,0.519295285989586,-0.991792827445444,-0.336250263106208,-0.269672600432815,0.200884449075629,0.985696381684662,-0.397282012033188,1.19353860382545,0.693838574419355,0.427997347761849
1.09851079389546,1.10350049822146,-0.519170093803057,-0.617441390821389,-0.484928326881661,-1.69971821468916,-0.999153997204616,0.403120241830485,-0.149685000970703,0.315981335926101,-0.349706557699271,0.69867867120009,1.39023070828785
2.28720876176286,3.14153555064172,-0.339911738395406,-0.0783122190552331,0.425777069221186,1.41960101449526,2.65530274054945,1.8235241141821,2.55219154760607,2.61589763040241,-0.581883185042241,-0.452769279228841,0.40556518430785
0.114610305559214,0.272152063026191,-0.517171192650882,0.320148500493577,1.51031305656598,1.73822646569528,2.30422059725995,-0.0258720075128652,0.844170884544863,1.93536909971747,0.306069286003543,-1.63639170917889,-2.41447289016452
0.0732681199695484,-0.730221239922135,0.546599787941335,-0.590072788301717,-1.09825353250234,-0.974498231256623,-0.978908802805562,-1.63150010812101,-1.46967774193065,-0.217791012820954,1.27552881547211,0.42627897038602,-0.187639895578051
-1.29117560760171,-1.15468052045953,0.355234678383136,-0.396675801320166,-0.997515162916556,-0.0420659892185254,-1.06602851086451,-0.0865513842007106,-0.25702640965876,-1.8337928294272,-0.830824592015635,0.824752307937199,1.6644117164067
-1.22651304113489,-1.37183685504879,0.0314761835104124,-0.149858323785589,-0.732996545869608,-1.06169475377395,-1.36481354196591,-0.483396024824238,-0.701453763895728,-0.471932491659129,-1.64115625911738,1.46051649182108,-0.0849144746298291
0.342576547090358,0.0485718364150658,-0.798779726751618,-0.734018339466955,0.657754954952771,0.174750417426626,-0.373972473745095,-1.00275056204646,-1.05239706511312,-0.57082029426139,-0.636991637318424,1.90226755797696,1.36888526502985
0.0579925612043218,-0.374065204733091,0.282736886865907,-0.085947695417725,0.185670251673959,-1.48609098914356,-0.745231641832922,1.31808766276187,-0.290728096214775,0.060689838701927,0.385964272802773,-0.0635467249611559,-0.346751070158712
0.60937986682302,0.379562081146337,1.2809040184748,2.02498132226463,0.626869242645775,0.809934294774659,-0.196802303156334,-0.958117176148431,-0.538257677216061,-1.00565439838967,0.957962108728328,0.684856567932931,0.141262126632936
1.50425238636744,0.863858966791898,1.56941339673924,1.23917066859585,-0.363403270066464,-0.493512045850818,-1.0853242567842,-0.974657563231969,-1.30394634716145,-0.594053484643175,-1.57899015393582,2.19055354490207,1.9209005240312
0.680868086337825,0.810595161537088,-0.308278590373066,0.0100315861542257,0.232458054687289,1.13445876819446,0.893631094732369,-0.686168582667835,-0.0600959559778451,0.164187314293534,-0.758301929515978,0.273541978826609,-0.0850319361429969
0.360417043207383,0.693118938242287,-0.473870625407149,-0.0779127827342353,-0.527068974983058,-0.186693950594192,0.326177078250224,-0.770552842942652,0.423307126815821,0.810507598629934,0.456454920089983,-0.500289767990688,-0.498189639025446
-1.50629692007725,-1.13724233545166,-0.201008399351049,-0.444904426445309,-0.587504594825717,-1.00575093604927,-1.81606450154859,-0.656567892291254,-0.45258872894143,-2.00643692678202,1.21336589370747,-1.28232025546089,0.629674195561499
-0.774075398049646,0.0879540657744267,0.0263872195972926,0.0552298173582287,0.590852333770871,-0.000325283525799479,-0.52309753770945,0.545577317477165,0.881520190260527,-0.638398381998602,0.061530854660984,-0.894857539904732,-0.0487139388635048
-0.80481753915668,-0.782154731083752,-0.512172255145724,0.319032023670901,2.80972195776635,0.317715747144668,0.398586498582887,0.0886598520750453,-0.190711494741252,0.292790725992954,-0.654202590285149,-1.16095852267692,-0.724766414163911
0.648306748345573,0.189990371310063,0.504310184980948,0.0478961705384576,-0.419023940162672,-1.26163069110311,-0.555043290146092,0.545974169829795,-0.343411741507243,0.443962768109338,0.187529877920894,-0.897184004928273,0.699178443881721
-0.456815101678318,-0.539907266723081,1.47055894750261,1.46838982396928,-0.538929433472573,0.685198355905014,0.142530000217416,-0.743024313646286,0.368329508510296,0.197082962439479,-0.371504436302025,1.70235325358705,0.182375559547974
0.337500334844327,0.500964025850659,0.593548435715926,0.461904903608244,0.131226462136174,0.403940209290443,0.0860793887125012,0.537319276403095,0.658687149503697,0.222150175380475,1.22015320570671,1.36856073931928,-0.976155760667671
-1.18734842761393,-1.66482136150323,-0.775105131802096,-0.820601729377516,0.458243472829301,-0.573496992537573,-1.71943972293834,-1.94477768491545,-2.16244607440983,-2.72172430875368,1.171605422565,1.07976689802357,0.801950049065288
0.110282849950874,-0.585520120997492,-0.590397436741575,-0.564929150279547,-0.457091415267789,0.348526318671574,-0.401759641246474,-1.56416039917746,-2.08751802278534,-0.056518477164609,-1.42837594014827,-1.07102789623175,-1.58625652716182
0.0555796225277324,-0.362652995492888,-1.92692123006548,-1.30215505329463,1.08879845234357,0.252607865290635,0.718234868678813,1.19887990359474,-0.739686891921414,-0.105165422228143,-1.43949305486095,-0.996144071554191,0.587472439446098
